0
1
10
100
1000
10000
10001
1001
1002
1003
1006
1007
102
1033
104
1040
1042
105
106
1066
107
108
10981
11
1100
1102
1121
1122
1149
11707
11724
12
12288
12289
129
13
137
14
140
141
144
1486
15
1502
15268
15281
15457
16
16384
16394
17
1704
17069
17101
17103
17104
17107
17108
17110
17111
17115
17117
17118
17125
17126
17135
17136
17137
17148
17152
17162
17164
17176
17199
17201
17264
17656
17658
17663
17810
17811
18
18264
18496
1869
19
19030
19032
2
20
200
201
21
22
2282
23
24
25
255
25725
25753
25754
26
26018
26022
26028
26048
26059
26067
26068
26076
29
3
3000
3014
326
33090
33217
33218
3408
35
37
4
40961
40962
4097
4100
4103
4104
4105
4106
41110
41111
41147
4624
4625
4627
4634
4648
4657
4662
4663
4670
4672
4673
4674
4688
4689
4698
4702
4719
4720
4722
4723
4724
4725
4726
4727
4728
4730
4732
4735
4737
4738
4739
4740
4741
4742
4768
4769
4771
4776
4781
4794
4798
4876
4886
4887
490
49903
49904
49912
49916
49917
49930
49961
5
5001
5007
5084
5136
5137
5140
5141
5145
53504
5701
5703
6
6148
6253
63
6527
7
70
700
701
7036
7040
7045
8
8004
8005
8007
8023
81
8128
852
873
894
9
9013
9027
9048
944
951
958
9666
9688
99
